%          Ground truth positioning data 
%  Timestamp (sec)       x (m)    y (m)    phi (rad)  
% ----------------------------------------------------
   1281004605.150270     0.000     0.000    0.0000
   1281004609.410164     0.344     0.001   -0.0511
   1281004610.050163     0.656    -0.016   -0.1057
   1281004610.690550     0.986    -0.054   -0.1499
   1281004611.330164     1.302    -0.105   -0.1979
   1281004611.970107     1.621    -0.166   -0.1811
   1281004612.610124     1.945    -0.220   -0.1344
   1281004613.250148     2.234    -0.261   -0.0925
   1281004613.890495     2.551    -0.289   -0.0817
   1281004614.531118     2.879    -0.323   -0.0758
   1281004615.170521     3.207    -0.353   -0.0743
   1281004615.810520     3.525    -0.364   -0.0807
   1281004616.450526     3.841    -0.389   -0.0823
   1281004617.090669     4.196    -0.415   -0.0961
   1281004617.730668     4.476    -0.447   -0.0930
   1281004618.380200     4.814    -0.478   -0.1055
   1281004619.010364     5.135    -0.512   -0.1093
   1281004619.650642     5.480    -0.543   -0.1188
   1281004620.291098     5.792    -0.579   -0.1229
   1281004620.940172     6.117    -0.626   -0.1319
   1281004621.580232     6.436    -0.670   -0.1368
   1281004622.210522     6.760    -0.711   -0.1399
   1281004622.850571     7.084    -0.757   -0.1509
   1281004623.500185     7.403    -0.808   -0.1455
   1281004624.130522     7.719    -0.858   -0.1608
   1281004624.770772     8.030    -0.918   -0.1499
   1281004625.420266     8.344    -0.981   -0.1574
   1281004626.060204     8.660    -1.015   -0.1744
   1281004626.690781     8.969    -1.067   -0.1760
   1281004627.340255     9.292    -1.124   -0.1847
   1281004627.980197     9.615    -1.186   -0.1877
   1281004628.620270     9.907    -1.254   -0.1873
   1281004629.260210    10.225    -1.298   -0.1798
   1281004632.460154    10.404    -1.504   -1.1199
   1281004633.520261    10.415    -1.631   -1.8663
   1281004636.520318    10.287    -1.568    2.4272
   1281004637.160552    10.020    -1.354    2.5183
   1281004637.580859     9.817    -1.260    2.7493
   1281004638.220571     9.517    -1.164    2.8666
   1281004638.860700     9.255    -1.076    2.8676
   1281004639.500603     8.889    -0.998    3.0252
   1281004640.140767     8.560    -0.971    3.1272
   1281004640.780710     8.212    -0.965   -3.0784
   1281004641.420494     7.905    -0.997   -3.0060
   1281004642.060345     7.628    -1.060   -2.9529
   1281004642.701090     7.267    -1.108   -3.1392
   1281004643.340525     6.958    -1.088    3.0589
   1281004643.980187     6.637    -1.061    3.0525
   1281004644.620528     6.310    -1.031    3.0404
   1281004645.260593     6.028    -0.996    3.0339
   1281004645.900408     5.696    -0.956    3.0220
   1281004646.540529     5.337    -0.917    3.0086
   1281004647.180530     5.059    -0.872    3.0056
   1281004647.820653     4.736    -0.823    2.9843
   1281004648.460560     4.372    -0.770    2.9689
   1281004649.100239     4.048    -0.709    2.9575
   1281004649.740745     3.735    -0.648    2.9438
   1281004650.380713     3.414    -0.579    2.9277
   1281004651.030156     3.095    -0.505    2.9139
   1281004651.660571     2.790    -0.444    2.9591
   1281004652.300575     2.465    -0.398    2.9596
   1281004652.940823     2.149    -0.334    2.9606
   1281004653.590495     1.821    -0.252    2.9544
   1281004654.220381     1.493    -0.192    2.9581
   1281004654.860564     1.176    -0.131    2.9489
   1281004655.510141     0.862    -0.088    3.1172
   1281004656.150105     0.546    -0.088   -3.1351
   1281004656.790550     0.237    -0.085    3.1368
   1281004657.430104    -0.091    -0.082    3.1338
   1281004658.070160    -0.411    -0.075    3.1247
   1281004658.710136    -0.704    -0.068    3.1167
   1281004659.350152    -1.026    -0.059    3.0948
   1281004659.990192    -1.349    -0.043    3.0846
   1281004660.630161    -1.653    -0.018    3.0647
   1281004661.270180    -1.959     0.012    3.0483
   1281004661.910186    -2.382     0.059    3.0252
   1281004662.760583    -2.698     0.097    3.0511
   1281004663.400508    -3.017     0.099   -3.0838
   1281004664.040648    -3.381     0.085   -3.1133
   1281004664.680756    -3.712     0.078   -3.1309
   1281004665.320343    -4.035     0.079    3.1235
   1281004665.960574    -4.335     0.085    3.1040
   1281004666.600551    -4.632     0.096    3.0894
   1281004667.240874    -4.951     0.097    3.0784
   1281004667.880722    -5.270     0.116    3.0686
   1281004668.530179    -5.588     0.138    3.0525
   1281004669.160479    -5.905     0.164    3.0495
   1281004669.800804    -6.219     0.196    3.0350
   1281004670.450155    -6.547     0.234    3.0311
   1281004671.080300    -6.870     0.277    3.0272
   1281004671.730221    -7.193     0.334    3.0149
   1281004672.369974    -7.521     0.377    3.0069
   1281004673.010518    -7.851     0.422    3.0034
   1281004673.640595    -8.152     0.466    3.0033
   1281004674.281019    -8.480     0.513    3.0271
   1281004674.921076    -8.820     0.535    3.0978
   1281004675.560437    -9.139     0.551    3.0878
   1281004676.210103    -9.467     0.569    3.0883
   1281004676.840915    -9.784     0.588    3.0801
   1281004677.480220   -10.120     0.608    3.0757
   1281004678.120209   -10.439     0.629    3.0782
   1281004678.770473   -10.760     0.648    3.0706
   1281004679.410514   -11.078     0.672    3.0600
   1281004680.050495   -11.393     0.691    3.0530
   1281004680.690962   -11.708     0.717    3.0533
   1281004681.330729   -12.022     0.745    3.0508
   1281004681.970471   -12.383     0.774    3.0534
   1281004682.610180   -12.709     0.804    3.0627
   1281004683.250124   -13.028     0.825    3.1088
   1281004684.310199   -13.145     0.825   -3.1376
   1281004689.011034   -13.411     0.814   -3.1293
   1281004689.650496   -13.741     0.818   -3.1174
   1281004690.290469   -14.070     0.810   -3.1134
   1281004690.930619   -14.382     0.801    3.0748
   1281004691.570441   -14.699     0.840    2.9875
   1281004692.210541   -15.017     0.886    2.9959
   1281004692.850183   -15.334     0.930    3.0025
   1281004693.490891   -15.646     0.974    3.0099
   1281004694.130549   -15.976     1.016    3.0105
   1281004694.770555   -16.295     1.059    3.0057
   1281004695.410540   -16.612     1.103    3.0069
   1281004696.050261   -16.933     1.146    3.0135
   1281004696.690840   -17.259     1.187    3.0175
   1281004697.330675   -17.581     1.226    3.0336
   1281004697.970708   -17.908     1.261    3.0365
   1281004698.610144   -18.233     1.296    3.0367
   1281004699.250227   -18.553     1.332    3.0304
   1281004699.890184   -18.860     1.368    3.0234
   1281004700.530127   -19.166     1.408    3.0181
   1281004701.170125   -19.483     1.452    3.0023
   1281004701.810160   -19.803     1.497    3.0012
   1281004702.450166   -20.120     1.542    2.9949
   1281004703.100513   -20.452     1.591    3.0062
   1281004703.740541   -20.804     1.637    3.0011
   1281004704.381411   -21.081     1.686    2.9935
   1281004705.010200   -21.424     1.739    2.9849
   1281004705.650171   -21.754     1.798    3.0596
   1281004706.290217   -22.081     1.791   -2.9985
   1281004706.941028   -22.376     1.752   -2.9835
   1281004707.570168   -22.687     1.654   -3.0125
   1281004708.210148   -22.989     1.677   -3.1162
   1281004709.070140   -23.209     1.685    3.0804
   1281004709.710151   -23.471     1.731    2.8206
   1281004710.990180   -23.601     1.811    2.3343
   1281004713.120633   -23.564     1.939    0.8258
   1281004714.620202   -23.291     1.932   -0.1736
   1281004715.260272   -22.957     1.858   -0.2195
   1281004715.900878   -22.636     1.780   -0.2139
   1281004716.540599   -22.324     1.708   -0.1992
   1281004717.180567   -22.026     1.651   -0.1903
   1281004717.820267   -21.727     1.597   -0.1888
   1281004718.460462   -21.411     1.531   -0.1842
   1281004719.100533   -21.090     1.466   -0.1790
   1281004719.740406   -20.776     1.410   -0.1801
   1281004720.380972   -20.425     1.354   -0.1860
   1281004721.020182   -20.109     1.295   -0.1434
   1281004721.660181   -19.801     1.261   -0.0800
   1281004722.300189   -19.479     1.239   -0.0691
   1281004722.940210   -19.166     1.220   -0.0650
   1281004723.580203   -18.836     1.200   -0.0646
   1281004724.220213   -18.516     1.180   -0.0742
   1281004724.860209   -18.198     1.158   -0.0761
   1281004725.500219   -17.885     1.130   -0.1403
   1281004726.140217   -17.575     1.076   -0.2244
   1281004726.780954   -17.239     1.003   -0.1765
   1281004727.420580   -16.924     0.956   -0.1468
   1281004728.060827   -16.618     0.910   -0.1593
   1281004728.700700   -16.292     0.860   -0.1609
   1281004729.340595   -15.989     0.812   -0.1643
   1281004729.980557   -15.666     0.763   -0.1229
   1281004730.620619   -15.345     0.742   -0.0304
   1281004731.270126   -15.028     0.739    0.0073
   1281004731.900553   -14.713     0.736    0.0100
   1281004732.541003   -14.399     0.746   -0.0008
   1281004733.190137   -14.078     0.749   -0.0509
   1281004733.820185   -13.765     0.725   -0.0930
   1281004734.460261   -13.448     0.696   -0.1097
   1281004735.100193   -13.083     0.658   -0.1256
   1281004735.750504   -12.798     0.618   -0.1390
   1281004736.390949   -12.433     0.571   -0.1516
   1281004737.020176   -12.118     0.531   -0.0544
   1281004737.450579   -11.943     0.579    0.1662
   1281004738.090695   -11.628     0.664    0.3309
   1281004738.730224   -11.318     0.775    0.4319
   1281004739.370601   -11.025     0.936    0.5730
   1281004740.010255   -10.770     1.133    0.7768
   1281004740.440533   -10.653     1.314    0.9941
   1281004740.860844   -10.545     1.510    1.2236
   1281004741.290176   -10.537     1.729    1.4705
   1281004741.930164   -10.551     2.008    1.6543
   1281004742.570230   -10.568     2.324    1.5737
   1281004743.220152   -10.555     2.695    1.4974
   1281004743.860561   -10.521     3.016    1.4196
   1281004744.490606   -10.469     3.297    1.3568
   1281004745.130189   -10.422     3.616    1.5847
   1281004745.770197   -10.434     3.965    1.6120
   1281004746.410204   -10.448     4.291    1.6031
   1281004747.050281   -10.455     4.602    1.5370
   1281004747.690235   -10.426     4.926    1.4499
   1281004748.340444   -10.406     5.238    1.6605
   1281004748.761059   -10.488     5.454    1.8444
   1281004749.400923   -10.608     5.753    2.1389
   1281004749.830194   -10.735     5.918    2.3787
   1281004750.260244   -10.928     6.034    2.6774
   1281004750.680555   -11.058     6.100    2.9861
   1281004751.110144   -11.302     6.061   -3.0082
   1281004751.540497   -11.456     6.044   -2.7324
   1281004752.601550   -11.640     5.870   -2.4219
   1281004753.030164   -11.754     5.708   -2.2095
   1281004754.310181   -11.923     5.454   -2.1235
   1281004754.950164   -12.079     5.141   -1.8514
   1281004755.380539   -12.061     4.961   -1.5718
   1281004756.020730   -12.044     4.633   -1.5513
   1281004756.660637   -12.054     4.331   -1.6888
   1281004757.940801   -12.140     4.047   -1.8935
   1281004759.650544   -12.174     3.979   -3.0310
   1281004760.501150   -12.572     3.948   -2.9515
   1281004760.930187   -12.737     3.886   -2.7528
   1281004761.570131   -13.034     3.748   -2.4603
   1281004763.270299   -12.968     3.808   -2.4994
   1281004766.690184   -13.188     3.737   -2.8902
   1281004767.330120   -13.456     3.743   -3.0024
   1281004768.820542   -13.725     3.722    3.1366
   1281004769.460529   -14.058     3.769    2.7644
   1281004770.100152   -14.326     3.940    2.3359
   1281004770.740512   -14.489     4.245    1.9085
   1281004771.380272   -14.561     4.522    1.6511
   1281004772.020485   -14.563     4.842    1.4539
   1281004772.871272   -14.481     5.291    1.4443
   1281004773.300159   -14.475     5.466    1.6829
   1281004773.730854   -14.527     5.679    1.8733
   1281004774.370354   -14.589     5.915    2.0655
   1281004776.290726   -14.520     5.825    2.1115
   1281004777.781454   -14.583     5.874    2.0699
   1281004780.340217   -14.535     5.829    2.0889
   1281004781.200948   -14.619     5.981    2.3414
   1281004784.830163   -14.723     6.188    2.0157
   1281004785.470550   -14.860     6.477    2.0221
   1281004786.110175   -15.031     6.758    2.3129
   1281004786.540110   -15.220     6.868    2.6134
   1281004786.960113   -15.412     6.953    2.9132
   1281004787.390599   -15.649     6.976   -3.0548
   1281004787.810204   -15.870     6.936   -2.7527
   1281004788.240193   -16.027     6.804   -2.4803
   1281004789.310537   -15.858     6.958   -2.3965
   1281004789.950247   -15.613     7.195   -2.3279
   1281004790.800672   -15.519     7.319   -2.1911
   1281004791.870203   -15.537     7.223   -1.9534
   1281004792.300569   -15.571     7.083   -1.7114
   1281004792.720595   -15.523     7.066   -1.5069
   1281004793.150217   -15.518     7.036   -1.2076
   1281004793.580922   -15.496     6.963   -0.8885
   1281004794.220608   -15.221     6.737   -0.6129
   1281004794.860160   -14.957     6.569   -0.6529
   1281004795.500191   -14.782     6.345   -1.0456
   1281004796.140169   -14.624     6.033   -1.0858
   1281004797.200174   -14.552     5.772   -1.0520
   1281004797.840192   -14.315     5.487   -1.3129
   1281004798.480525   -14.379     5.184   -1.7109
   1281004799.120256   -14.483     4.900   -2.1322
   1281004799.770197   -14.704     4.717   -2.5650
   1281004800.400556   -15.018     4.562   -3.0209
   1281004801.050162   -15.332     4.628    2.8370
   1281004801.690258   -15.674     4.732    2.9549
   1281004802.110265   -15.859     4.701   -3.0823
   1281004802.750175   -16.176     4.657   -3.0266
   1281004804.460288   -16.018     4.662   -3.0859
   1281004805.320196   -15.725     4.748   -3.0867
   1281004806.170501   -15.351     4.701   -3.0181
   1281004806.590394   -15.520     4.680   -2.6945
   1281004808.090160   -15.618     4.589   -2.4305
   1281004809.370189   -15.622     4.591   -2.1383
   1281004809.800451   -15.623     4.591   -1.8379
   1281004810.220263   -15.622     4.590   -1.5393
   1281004810.650189   -15.621     4.586   -1.2432
   1281004811.080846   -15.579     4.567   -0.9432
   1281004811.500540   -15.430     4.400   -0.6316
   1281004811.930185   -15.259     4.305   -0.3322
   1281004812.570217   -14.947     4.213   -0.3114
   1281004813.210188   -14.749     4.108   -0.5558
   1281004814.280640   -14.509     3.926   -0.6051
   1281004814.701113   -14.342     3.851   -0.3802
   1281004815.340221   -14.282     3.870   -0.1274
   1281004815.980079   -13.981     3.861   -0.0489
   1281004816.630144   -13.657     3.764   -0.3508
   1281004817.260389   -13.359     3.632   -0.4387
   1281004817.900593   -13.057     3.518   -0.1626
   1281004818.550141   -12.741     3.486   -0.0967
   1281004819.180643   -12.431     3.456   -0.0989
   1281004819.830108   -12.110     3.418   -0.0848
   1281004820.460640   -11.805     3.372   -0.2849
   1281004821.100535   -11.521     3.226   -0.6769
   1281004821.740926   -11.280     3.000   -0.7329
   1281004822.390484   -11.024     2.802   -0.5852
   1281004823.020217   -10.774     2.610   -0.8066
   1281004823.670209   -10.600     2.342   -1.2470
   1281004824.310187   -10.554     2.029   -1.6753
   1281004824.950588   -10.677     1.725   -2.1097
   1281004825.590635   -10.882     1.488   -2.5541
   1281004826.230453   -11.175     1.372   -2.9979
   1281004826.870553   -11.503     1.361   -3.0801
   1281004827.290721   -11.741     1.333   -2.8804
   1281004827.930410   -12.057     1.244   -2.8607
   1281004828.570727   -12.362     1.163   -2.9589
   1281004829.210565   -12.673     1.121   -3.0642
   1281004829.860112   -12.991     1.110    3.1160
   1281004830.490751   -13.303     1.130    3.0094
   1281004831.131090   -13.610     1.186    3.0052
   1281004831.770560   -13.962     1.207   -3.0754
   1281004832.420192   -14.284     1.169   -3.0155
   1281004833.060208   -14.604     1.144   -3.1001
   1281004833.700202   -14.932     1.130   -3.0963
   1281004834.340200   -15.240     1.108   -3.0926
   1281004834.980209   -15.546     1.090   -3.0896
   1281004835.621198   -15.866     1.072   -3.0883
   1281004836.260412   -16.184     1.056   -3.0950
   1281004836.900180   -16.509     1.044   -3.1016
   1281004837.540147   -16.829     1.029   -3.1017
   1281004838.180189   -17.151     1.017   -3.1171
   1281004838.820165   -17.483     1.016    3.1131
   1281004839.460116   -17.815     1.032    3.0635
   1281004840.100335   -18.144     1.065    3.0147
   1281004840.740252   -18.487     1.111    2.9973
   1281004841.380198   -18.809     1.157    3.0206
   1281004842.020152   -19.126     1.172   -3.0658
   1281004842.660111   -19.428     1.118   -2.8968
   1281004843.300800   -19.731     1.044   -2.9733
   1281004843.940202   -19.976     1.025   -3.0803
   1281004844.790765   -19.782     1.049   -2.8492
   1281004845.220203   -19.621     1.091   -2.5723
   1281004845.650539   -19.617     1.066   -2.3528
   1281004846.070564   -19.757     0.895   -2.0485
   1281004846.711127   -19.725     0.838   -1.7028
   1281004849.700424   -19.737     0.544   -1.6716
   1281004850.340180   -19.777     0.223   -1.6914
   1281004850.980558   -19.798    -0.089   -1.4881
   1281004851.620538   -19.739    -0.417   -1.2792
   1281004852.260142   -19.686    -0.692   -1.3220
   1281004852.900151   -19.652    -1.014   -1.5484
   1281004853.540179   -19.589    -1.365   -1.4563
   1281004854.180223   -19.588    -1.646   -1.4041
   1281004854.819988   -19.570    -1.996   -1.6599
   1281004855.470966   -19.668    -2.298   -1.8279
   1281004856.100231   -19.746    -2.616   -1.6885
   1281004856.530559   -19.757    -2.803   -1.4333
   1281004857.810761   -19.702    -3.095   -1.5709
   1281004858.450525   -19.756    -3.360   -2.0255
   1281004859.090673   -19.912    -3.605   -2.1927
   1281004859.730527   -20.094    -3.878   -2.0981
   1281004860.370636   -20.245    -4.145   -2.0719
   1281004861.650172   -20.193    -4.047   -1.8576
   1281004862.930544   -20.197    -4.053   -1.5655
   1281004863.360187   -20.183    -4.092   -1.2437
   1281004863.790492   -20.159    -4.206   -0.9234
   1281004865.070475   -20.277    -4.041   -0.6057
   1281004865.491048   -20.274    -4.015   -0.3390
   1281004865.920208   -20.139    -4.000   -0.0407
   1281004866.350774   -20.021    -4.001    0.2830
   1281004866.780198   -20.105    -4.030    0.5396
   1281004867.200208   -20.229    -4.146    0.8169
   1281004867.631068   -20.202    -4.139    1.1188
   1281004868.480659   -20.143    -3.975    1.2537
   1281004869.340533   -19.979    -3.608    1.0499
   1281004870.190418   -19.844    -3.192    1.2136
   1281004870.830587   -19.741    -2.909    1.2642
   1281004871.470538   -19.678    -2.582    1.4886
   1281004872.111255   -19.657    -2.274    1.5274
   1281004872.750751   -19.655    -1.930    1.6363
   1281004873.390170   -19.758    -1.639    1.9600
   1281004874.240231   -19.921    -1.349    2.0527
   1281004874.880577   -19.994    -1.059    1.7370
   1281004875.520158   -19.990    -0.738    1.3324
   1281004876.160218   -19.898    -0.437    1.2058
   1281004876.800195   -19.775    -0.142    1.2356
   1281004877.230525   -19.714     0.066    1.4524
   1281004877.660153   -19.715     0.257    1.7513
   1281004878.080214   -19.790     0.406    2.0469
   1281004878.510740   -19.863     0.540    2.3504
   1281004879.150576   -20.165     0.740    2.5673
   1281004879.790587   -20.428     0.907    2.6474
   1281004880.430795   -20.716     1.048    2.7394
   1281004881.070879   -21.016     1.168    2.8068
   1281004881.710561   -21.325     1.270    2.8870
   1281004882.350907   -21.663     1.357    2.9221
   1281004882.990777   -21.979     1.442    2.8492
   1281004883.630321   -22.268     1.552    2.7703
   1281004884.271199   -22.572     1.691    2.6838
   1281004884.910354   -22.855     1.854    2.6006
   1281004885.980164   -22.984     1.931    2.5967
   1281004889.400721   -23.166     2.041    2.5554
   1281004893.870846   -23.097     2.039    2.8129
   1281004894.300139   -23.069     1.993    3.0370
   1281004894.730525   -23.145     1.984   -2.9240
   1281004895.150930   -23.339     1.919   -2.6171
   1281004895.580201   -23.472     1.760   -2.3233
   1281004896.010504   -23.608     1.603   -2.0208
   1281004896.430593   -23.626     1.405   -1.7392
   1281004896.860140   -23.635     1.219   -1.4331
   1281004897.501172   -23.576     0.887   -1.3571
   1281004898.140576   -23.501     0.604   -1.3614
   1281004898.790189   -23.428     0.317   -1.3579
   1281004899.420227   -23.292     0.043   -1.1381
   1281004900.060206   -23.130    -0.205   -1.1160
   1281004900.700237   -23.065    -0.479   -1.4773
   1281004901.340216   -23.077    -0.748   -1.8229
   1281004902.620262   -23.087    -0.738   -1.7099
   1281004903.271189   -23.058    -0.512   -1.5129
   1281004904.120182   -23.002    -0.765   -1.3547
   1281004904.760554   -22.981    -1.111   -1.3548
   1281004905.400135   -22.912    -1.394   -1.4672
   1281004906.040437   -22.915    -1.682   -1.7315
   1281004906.681385   -22.930    -1.794   -1.7890
   1281004908.170184   -22.896    -1.450   -1.6308
   1281004909.240830   -22.903    -1.021   -1.4994
   1281004910.100524   -23.018    -0.854   -1.3574
   1281004910.951248   -23.128    -0.447   -1.3199
   1281004911.800213   -23.210    -0.017   -1.3243
   1281004912.650563   -23.410     0.215   -1.2811
   1281004913.510603   -23.557     0.526   -1.2392
   1281004914.790253   -23.525     0.611   -1.0301
   1281004915.210841   -23.516     0.639   -0.7459
   1281004915.640185   -23.509     0.666   -0.4497
   1281004916.071346   -23.488     0.691   -0.1451
   1281004916.500189   -23.419     0.734    0.1386
   1281004917.140156   -23.111     0.841    0.2907
   1281004917.780380   -22.799     0.947    0.2559
   1281004918.420495   -22.486     1.067    0.3436
   1281004919.061049   -22.170     1.207    0.3985
   1281004919.910197   -21.787     1.348    0.2319
   1281004922.261421   -21.786     1.363    0.2051
   1281004924.610208   -21.540     1.403    0.1250
   1281004925.240553   -21.214     1.405   -0.1900
   1281004925.890185   -20.884     1.338   -0.1462
   1281004926.530160   -20.557     1.309   -0.0779
   1281004927.170179   -20.212     1.282   -0.0776
   1281004927.810764   -19.900     1.259   -0.0711
   1281004928.440057   -19.585     1.235   -0.0694
   1281004929.091514   -19.265     1.213   -0.0626
   1281004929.730517   -18.946     1.195   -0.0570
   1281004930.370247   -18.624     1.176   -0.0595
   1281004931.010240   -18.308     1.153   -0.1083
   1281004931.650695   -17.966     1.104   -0.1813
   1281004932.290186   -17.666     1.037   -0.2531
   1281004932.930177   -17.351     0.949   -0.2844
   1281004933.570268   -17.047     0.859   -0.2879
   1281004934.210260   -16.749     0.768   -0.2854
   1281004934.850198   -16.421     0.677   -0.2809
   1281004935.490219   -16.112     0.588   -0.2779
   1281004936.130192   -15.810     0.487   -0.4622
   1281004936.770634   -15.529     0.319   -0.7130
   1281004937.410145   -15.351     0.039   -1.1472
   1281004938.050233   -15.319    -0.263   -1.5754
   1281004938.690173   -15.416    -0.566   -2.0054
   1281004939.330231   -15.594    -0.833   -2.4570
   1281004939.970178   -15.880    -0.989   -2.8970
   1281004940.610147   -16.196    -1.008    3.0103
   1281004941.250456   -16.511    -0.968    3.0452
   1281004941.890524   -16.827    -0.963   -3.0720
   1281004942.320211   -17.021    -0.969   -2.8642
   1281004942.750498   -17.043    -0.978   -2.5849
   1281004943.170570   -17.094    -1.067   -2.2736
   1281004943.600659   -17.157    -1.152   -1.9823
   1281004944.020796   -17.170    -1.194   -1.6831
   1281004944.450189   -17.169    -1.329   -1.3644
   1281004944.880530   -17.094    -1.495   -1.0727
   1281004945.310162   -16.974    -1.662   -0.7750
   1281004945.730480   -16.765    -1.797   -0.5227
   1281004946.370352   -16.481    -1.941   -0.4293
   1281004947.010280   -16.196    -2.085   -0.6205
   1281004947.650191   -15.957    -2.308   -0.9264
   1281004948.290106   -15.812    -2.595   -1.3301
   1281004948.940731   -15.744    -2.918   -1.4129
   1281004949.570182   -15.779    -3.226   -1.7115
   1281004950.209992   -15.875    -3.539   -2.1608
   1281004950.850817   -16.097    -3.776   -2.6100
   1281004951.490394   -16.410    -3.911   -2.6322
   1281004952.770223   -16.522    -3.977   -2.4571
   1281004953.200548   -16.584    -4.037   -2.1778
   1281004953.630146   -16.567    -4.102   -1.8974
   1281004954.060838   -16.582    -4.142   -1.6232
   1281004954.480574   -16.583    -4.146   -1.3275
   1281004954.910195   -16.583    -4.146   -1.0238
   1281004955.330219   -16.583    -4.147   -0.7251
   1281004955.760979   -16.584    -4.147   -0.4271
   1281004956.190040   -16.610    -4.145   -0.1223
   1281004956.610217   -16.496    -4.147    0.1754
   1281004957.040613   -16.372    -4.108    0.4747
   1281004957.470594   -16.229    -3.978    0.7706
   1281004957.900781   -16.089    -3.813    1.0760
   1281004958.320294   -16.010    -3.569    1.3610
   1281004958.960218   -15.978    -3.285    1.5070
   1281004959.600166   -15.941    -2.964    1.3013
   1281004960.250422   -15.813    -2.665    1.0382
   1281004960.880192   -15.663    -2.390    1.1961
   1281004961.310522   -15.606    -2.143    1.4337
   1281004961.950520   -15.566    -1.865    1.3859
   1281004962.590337   -15.494    -1.549    1.2518
   1281004963.230746   -15.383    -1.200    1.3019
   1281004963.870229   -15.319    -0.895    1.4226
   1281004964.510205   -15.281    -0.583    1.4847
   1281004965.150191   -15.249    -0.260    1.4863
   1281004965.790258   -15.204     0.043    1.3190
   1281004966.430187   -15.063     0.333    0.8876
   1281004967.070296   -14.774     0.531    0.4466
   1281004967.710989   -14.449     0.595    0.0089
   1281004968.360592   -14.142     0.520   -0.3315
   1281004969.000790   -13.841     0.407   -0.3195
   1281004969.630190   -13.518     0.386   -0.1011
   1281004970.270246   -13.200     0.386    0.1252
   1281004970.920181   -12.880     0.437    0.1568
   1281004971.550166   -12.557     0.484    0.1568
   1281004972.410258   -12.158     0.553    0.1553
   1281004973.050110   -11.838     0.605    0.1030
   1281004973.690102   -11.513     0.607   -0.2077
   1281004974.330176   -11.216     0.489   -0.5577
   1281004974.970193   -10.958     0.270   -0.9077
   1281004975.610180   -10.802    -0.021   -1.2444
   1281004976.250184   -10.732    -0.374   -1.3824
   1281004976.890183   -10.697    -0.692   -1.6843
   1281004977.530143   -10.831    -0.943   -2.1107
   1281004978.170191   -11.084    -1.177   -2.5503
   1281004978.810178   -11.368    -1.326   -2.8646
   1281004979.450201   -11.682    -1.356    2.9777
   1281004980.090135   -11.966    -1.300    2.9383
   1281004982.010382   -11.847    -1.305   -3.0741
   1281004982.860049   -12.025    -1.339   -3.0813
   1281004983.500188   -12.358    -1.360   -3.0734
   1281004984.150590   -12.679    -1.390   -3.0029
   1281004984.780223   -12.978    -1.440   -2.9181
   1281004986.060567   -12.952    -1.467   -2.7748
   1281004986.489962   -12.811    -1.387   -2.5290
   1281004987.990194   -12.861    -1.424   -2.2194
   1281004989.050158   -12.822    -1.385   -2.0034
   1281004990.550038   -12.936    -1.476   -2.1938
   1281004992.680521   -12.978    -1.530   -1.9948
   1281004993.110100   -12.929    -1.537   -1.7181
   1281004993.540894   -12.930    -1.537   -1.4250
   1281004993.960230   -12.928    -1.546   -1.1286
   1281004994.390102   -12.911    -1.578   -0.8233
   1281004995.030107   -12.679    -1.787   -0.7004
   1281004995.670130   -12.444    -2.017   -0.9634
   1281004996.520745   -12.310    -2.450   -1.5443
   1281004997.160858   -12.329    -2.772   -1.6782
   1281004997.800858   -12.367    -3.100   -1.7461
   1281004998.440194   -12.440    -3.420   -1.8670
   1281004999.300197   -12.469    -3.537   -1.8316
   1281005000.790485   -12.510    -3.723   -1.6211
   1281005001.430724   -12.508    -3.751   -1.4147
   1281005002.071049   -12.464    -3.840   -1.1163
   1281005002.500182   -12.350    -4.024   -0.8170
   1281005002.920333   -12.174    -4.168   -0.5719
   1281005003.560228   -11.914    -4.345   -0.6924
   1281005004.210099   -11.718    -4.571   -1.1196
   1281005005.270723   -11.686    -4.728   -1.4107
   1281005005.910141   -11.757    -4.474   -1.1589
   1281005006.340284   -11.848    -4.289   -0.8808
   1281005006.770527   -11.934    -4.206   -0.5785
   1281005007.190520   -11.868    -4.206   -0.2871
   1281005007.620303   -11.685    -4.191    0.0005
   1281005008.050804   -11.523    -4.184    0.2226
   1281005008.900263   -11.709    -4.206    0.4038
   1281005009.760543   -11.541    -4.094    0.6767
   1281005010.390549   -11.483    -4.071    1.0286
   1281005010.820211   -11.463    -3.944    1.3024
   1281005011.460224   -11.394    -3.587    1.3546
   1281005012.100219   -11.300    -3.281    1.1768
   1281005012.740276   -11.180    -2.970    1.3063
   1281005013.170561   -11.149    -2.774    1.5337
   1281005013.810508   -11.140    -2.461    1.5568
   1281005014.451243   -11.140    -2.147    1.5770
   1281005015.090321   -11.120    -1.824    1.3368
   1281005015.730168   -11.008    -1.527    1.1138
   1281005016.370166   -10.885    -1.232    1.3236
   1281005017.010128   -10.827    -0.911    1.4617
   1281005017.650131   -10.797    -0.583    1.4785
   1281005018.290131   -10.764    -0.260    1.4746
   1281005018.930194   -10.730     0.062    1.5362
   1281005019.360838   -10.740     0.291    1.7607
   1281005019.780541   -10.841     0.464    2.0548
   1281005020.210191   -10.963     0.653    2.3580
   1281005020.630199   -11.130     0.779    2.6605
   1281005021.060658   -11.318     0.823    2.9584
   1281005021.490192   -11.542     0.833   -3.0538
   1281005022.130657   -11.866     0.803   -3.1310
   1281005022.770290   -12.174     0.831    2.9713
   1281005027.680134   -12.199     0.832    3.0051
   1281005034.510174   -12.366     0.838   -3.0181
   1281005034.940441   -12.414     0.808   -2.7309
   1281005035.360696   -12.431     0.779   -2.4424
   1281005035.790676   -12.442     0.771   -2.1463
   1281005036.210340   -12.447     0.758   -1.8507
   1281005036.640769   -12.447     0.769   -1.5503
   1281005037.069969   -12.431     0.650   -1.2462
   1281005037.500107   -12.387     0.557   -0.9466
   1281005037.920182   -12.255     0.463   -0.6463
   1281005038.351125   -12.059     0.346   -0.3399
   1281005038.560208   -11.829     0.315   -0.0503
   1281005039.420109   -11.538     0.331    0.1574
   1281005040.050657   -11.217     0.384    0.1545
   1281005040.690558   -10.902     0.423    0.0751
   1281005041.550427   -10.455     0.457    0.0684
   1281005042.190552   -10.136     0.478    0.0661
   1281005042.830562    -9.822     0.499    0.0564
   1281005043.470736    -9.507     0.521    0.1635
   1281005043.900143    -9.286     0.577    0.4349
   1281005044.330548    -9.120     0.725    0.7263
   1281005044.970999    -8.890     0.973    0.9503
   1281005045.600221    -8.686     1.217    1.0366
   1281005046.250675    -8.497     1.485    0.8274
   1281005046.890493    -8.283     1.724    0.9397
   1281005047.530501    -8.175     2.001    1.1936
   1281005048.160271    -8.059     2.310    1.1785
   1281005048.810495    -7.918     2.599    1.1323
   1281005049.230723    -7.833     2.807    1.3258
   1281005049.870571    -7.800     3.128    1.5235
   1281005050.510524    -7.784     3.458    1.5192
   1281005051.151041    -7.754     3.773    1.3875
   1281005051.790268    -7.675     4.080    1.2152
   1281005052.430531    -7.495     4.364    1.0566
   1281005053.070199    -7.314     4.624    0.8465
   1281005053.710211    -7.080     4.841    0.7092
   1281005054.361234    -6.902     5.081    0.9780
   1281005054.780248    -6.800     5.274    1.2831
   1281005055.210173    -6.767     5.498    1.5853
   1281005056.490643    -6.765     5.404    1.7892
   1281005056.910640    -6.700     5.215    2.0394
   1281005057.340185    -6.691     5.102    2.2915
   1281005057.770523    -6.750     5.189    2.6158
   1281005058.200191    -6.973     5.232    2.9014
   1281005058.620171    -7.205     5.261   -3.0738
   1281005059.050498    -7.386     5.212   -2.7738
   1281005059.470353    -7.585     5.107   -2.4833
   1281005059.900202    -7.718     4.933   -2.1829
   1281005060.330648    -7.783     4.730   -1.8907
   1281005060.760289    -7.831     4.508   -1.6625
   1281005061.400223    -7.904     4.100   -1.9192
   1281005062.250545    -8.015     3.806   -1.8879
   1281005062.890518    -8.083     3.496   -1.5646
   1281005063.530550    -8.083     3.178   -1.6636
   1281005064.170474    -8.154     2.851   -1.8564
   1281005064.810532    -8.222     2.529   -1.6456
   1281005065.450531    -8.219     2.198   -1.4688
   1281005066.090752    -8.189     1.903   -1.4806
   1281005066.730559    -8.124     1.561   -1.4922
   1281005067.370593    -8.106     1.251   -1.4031
   1281005067.800194    -8.041     1.071   -1.1667
   1281005068.230549    -7.921     0.865   -0.8630
   1281005068.651435    -7.731     0.721   -0.6228
   1281005069.080195    -7.598     0.672   -0.4242
   1281005073.350829    -7.634     0.677   -0.3901
   1281005076.340567    -7.325     0.536   -0.4486
   1281005076.970201    -7.042     0.396   -0.2815
   1281005077.620542    -6.753     0.341   -0.0978
   1281005078.250216    -6.447     0.314   -0.0811
   1281005078.900555    -6.118     0.292   -0.0695
   1281005079.530150    -5.798     0.278   -0.0670
   1281005080.170305    -5.462     0.269   -0.0781
   1281005080.820506    -5.130     0.243   -0.0852
   1281005081.460222    -4.812     0.214   -0.0912
   1281005082.100512    -4.500     0.184   -0.0972
   1281005082.740511    -4.185     0.150   -0.0998
   1281005083.370181    -3.838     0.115   -0.1069
   1281005084.020530    -3.509     0.082   -0.1071
   1281005084.660681    -3.200     0.046   -0.1152
   1281005085.300189    -2.887     0.010   -0.1224
   1281005085.940190    -2.561    -0.035   -0.1275
   1281005086.580205    -2.240    -0.093   -0.1316
   1281005087.220201    -1.933    -0.129   -0.1296
   1281005087.860233    -1.549    -0.143    0.0667
   1281005088.290541    -1.351    -0.061    0.3571
   1281005088.710556    -1.155     0.044    0.6647
   1281005089.140213    -0.999     0.189    0.9621
   1281005089.570169    -0.886     0.336    1.2426
   1281005089.990477    -0.829     0.783    1.4142
   1281005091.060369    -0.776     1.091    1.4707
   1281005091.700194    -0.776     1.416    1.6263
   1281005092.340718    -0.808     1.749    1.5874
   1281005092.980182    -0.775     2.069    1.3770
   1281005093.620178    -0.723     2.397    1.5208
   1281005094.260233    -0.737     2.719    1.6863
   1281005094.900216    -0.819     3.054    1.6941
   1281005095.540221    -0.856     3.371    1.6575
   1281005096.180195    -0.880     3.687    1.6045
   1281005096.820206    -0.881     4.008    1.5362
   1281005097.460247    -0.856     4.320    1.4896
   1281005100.230226    -0.826     4.238    0.4928
   1281005102.800114    -0.806     4.068   -1.3056
   1281005103.440511    -0.769     3.726   -1.6200
   1281005104.080269    -0.780     3.410   -1.5131
   1281005104.500622    -0.707     3.206   -1.2616
   1281005104.930108    -0.647     3.023   -0.9465
   1281005105.360538    -0.487     2.897   -0.6633
   1281005105.790167    -0.319     2.794   -0.3669
   1281005106.430194    -0.012     2.697   -0.2201
   1281005107.070765     0.305     2.708    0.0747
   1281005107.700211     0.664     2.748    0.1937
   1281005108.350280     0.986     2.808    0.1833
   1281005108.991091     1.264     2.887    0.3246
   1281005109.410371     1.458     2.966    0.5879
   1281005109.840687     1.626     3.113    0.8939
   1281005110.270200     1.741     3.333    1.1955
   1281005110.900640     1.777     3.651    1.3485
   1281005111.760562     1.870     4.004    1.1528
   1281005112.830747     1.987     4.226    1.2208
   1281005114.110531     2.006     4.313    1.3025
   1281005115.810536     2.035     4.434    1.4650
   1281005117.310522     2.017     4.315    0.9448
   1281005119.010739     2.111     4.360   -0.2150
   1281005121.151186     2.069     4.172   -1.6013
   1281005121.790534     2.043     3.847   -1.7425
   1281005122.430479     1.954     3.527   -2.0157
   1281005123.070379     1.791     3.264   -2.2197
   1281005123.710994     1.604     2.999   -2.1302
   1281005124.350303     1.385     2.784   -2.2696
   1281005124.990461     1.136     2.607   -2.6897
   1281005125.630512     0.821     2.522   -3.0726
   1281005126.270527     0.513     2.535    3.0705
   1281005126.910529     0.205     2.558    3.0609
   1281005127.550542    -0.129     2.590    3.0008
   1281005128.190507    -0.445     2.649    2.8987
   1281005128.830550    -0.739     2.736    2.7945
   1281005129.470579    -1.055     2.844    2.8226
   1281005130.110540    -1.366     2.914    3.0042
   1281005130.760207    -1.696     2.910    3.0035
   1281005131.390389    -2.014     2.954    2.9979
   1281005132.030363    -2.323     3.009    2.9391
   1281005132.670482    -2.634     3.083    2.8712
   1281005133.311243    -2.938     3.174    2.8278
   1281005133.950600    -3.238     3.270    2.8231
   1281005134.590527    -3.588     3.367    2.9933
   1281005135.020171    -3.794     3.374   -3.0075
   1281005135.660179    -4.129     3.294   -2.8000
   1281005136.300198    -4.435     3.186   -2.7376
   1281005136.940157    -4.682     3.022   -2.5152
   1281005137.580137    -4.912     2.765   -2.2221
   1281005138.220173    -5.092     2.494   -2.1233
   1281005138.860226    -5.243     2.211   -1.9865
   1281005139.500191    -5.336     1.933   -1.7296
   1281005140.140154    -5.350     1.616   -1.4904
   1281005140.780153    -5.298     1.292   -1.2382
   1281005141.210689    -5.209     1.088   -1.0346
   1281005141.850543    -5.001     0.870   -0.7345
   1281005142.280599    -4.819     0.739   -0.5286
   1281005142.710211    -4.613     0.643   -0.3304
   1281005143.340519    -4.312     0.573   -0.1388
   1281005143.980551    -3.975     0.527   -0.1252
   1281005144.620902    -3.660     0.490   -0.1066
   1281005145.260767    -3.330     0.456   -0.0912
   1281005145.900794    -2.998     0.430   -0.0743
   1281005146.540943    -2.666     0.408   -0.0608
   1281005147.181329    -2.343     0.392   -0.0410
   1281005147.830469    -2.028     0.386    0.0340
   1281005148.460160    -1.704     0.421    0.1885
   1281005149.100153    -1.371     0.542    0.4419
   1281005149.750829    -1.109     0.731    0.7393
   1281005150.170529    -0.986     0.873    0.9485
   1281005150.810717    -0.838     1.153    1.2513
   1281005151.450535    -0.770     1.463    1.4957
   1281005152.090551    -0.760     1.787    1.5870
   1281005152.740211    -0.784     2.110    1.6578
   1281005153.380128    -0.846     2.429    1.9350
   1281005153.800299    -0.986     2.604    2.2215
   1281005154.230518    -1.138     2.769    2.5339
   1281005154.650634    -1.350     2.817    2.8111
   1281005155.080220    -1.563     2.840    3.0289
   1281005155.720263    -1.885     2.869    3.0297
   1281005156.360168    -2.176     2.955    2.6903
   1281005157.430847    -2.359     3.223    2.1133
   1281005158.070433    -2.479     3.511    1.8451
   1281005158.711181    -2.504     3.811    1.3958
   1281005159.350540    -2.431     4.032    1.1162
   1281005159.990735    -2.310     4.307    1.2141
   1281005160.630542    -2.211     4.598    1.3107
   1281005161.270554    -2.136     4.917    1.3745
   1281005163.190562    -2.102     4.789    1.5083
   1281005164.470479    -2.175     4.661    1.6565
   1281005166.600435    -2.183     4.725    1.8630
   1281005167.240436    -2.193     4.757    2.2085
   1281005167.670360    -2.222     4.737    2.4896
   1281005168.100115    -2.336     4.801    2.7968
   1281005168.520611    -2.473     4.834    3.0617
   1281005170.230175    -2.316     4.823    2.8810
   1281005170.870256    -2.542     4.912    2.7614
   1281005171.510207    -2.877     5.041    2.7021
   1281005172.150234    -3.122     5.181    2.6069
   1281005172.790204    -3.371     5.369    2.3271
   1281005173.430197    -3.511     5.611    2.0640
   1281005174.710584    -3.617     5.773    2.0099
   1281005175.350088    -3.716     5.948    2.2976
   1281005176.211169    -3.803     5.990    2.5475
   1281005176.630478    -3.996     6.105    2.7734
   1281005177.060261    -4.173     6.154    3.0633
   1281005177.490738    -4.358     6.117   -2.9587
   1281005178.550804    -4.219     6.142   -2.7491
   1281005179.200585    -4.438     6.029   -2.4366
   1281005179.620139    -4.578     5.843   -2.1365
   1281005180.050131    -4.676     5.640   -1.8401
   1281005180.480113    -4.709     5.440   -1.5452
   1281005181.760137    -4.666     5.259   -1.4331
   1281005182.400109    -4.626     4.945   -1.4701
   1281005183.030635    -4.598     4.629   -1.5088
   1281005183.680212    -4.584     4.289   -1.5513
   1281005184.320147    -4.574     3.977   -1.4390
   1281005184.740992    -4.542     3.764   -1.1619
   1281005185.170188    -4.433     3.622   -0.8678
   1281005185.810188    -4.269     3.431   -0.8807
   1281005187.940233    -4.357     3.066   -1.8744
   1281005188.590527    -4.568     2.671   -2.1364
   1281005189.440139    -4.703     2.399   -2.1356
   1281005190.080132    -4.901     2.114   -2.1419
   1281005190.720153    -5.085     1.861   -2.1421
   1281005191.360181    -5.261     1.589   -2.1526
   1281005192.000139    -5.397     1.341   -2.0030
   1281005192.420875    -5.406     1.321   -1.7825
   1281005192.850561    -5.407     1.244   -1.4897
   1281005193.280694    -5.368     1.019   -1.1802
   1281005193.710106    -5.207     0.829   -0.8848
   1281005194.130189    -5.084     0.690   -0.5820
   1281005194.560558    -4.885     0.598   -0.3411
   1281005195.200516    -4.561     0.497   -0.3210
   1281005195.840944    -4.246     0.395   -0.2754
   1281005196.480775    -3.924     0.360   -0.1482
   1281005197.121033    -3.624     0.327   -0.0879
   1281005197.760159    -3.292     0.305   -0.0631
   1281005198.399998    -2.987     0.289   -0.0365
   1281005199.040038    -2.652     0.279   -0.0233
   1281005199.680404    -2.327     0.265   -0.0394
   1281005200.320806    -1.978     0.273    0.2245
   1281005200.960545    -1.654     0.357    0.2334
   1281005201.600804    -1.338     0.398   -0.0362
   1281005202.240235    -1.024     0.359   -0.1801
   1281005202.880522    -0.729     0.288   -0.3074
   1281005203.520555    -0.412     0.163   -0.4802
   1281005204.160914    -0.140    -0.025   -0.6462
   1281005204.800549     0.101    -0.234   -0.8140
   1281005205.440886     0.253    -0.489   -0.9887
   1281005206.080477     0.416    -0.753   -1.1617
   1281005206.720228     0.526    -1.042   -1.3478
   1281005207.370200     0.545    -1.362   -1.6636
   1281005208.010628     0.516    -1.679   -1.6682
   1281005208.650584     0.483    -2.026   -1.6694
   1281005209.290660     0.452    -2.345   -1.6660
   1281005209.930655     0.424    -2.653   -1.6794
   1281005210.570548     0.390    -2.975   -1.6658
   1281005211.201177     0.354    -3.325   -1.6705
   1281005211.850357     0.324    -3.647   -1.6533
   1281005212.490170     0.302    -3.975   -1.5468
   1281005212.910127     0.324    -4.186   -1.3083
   1281005213.340657     0.379    -4.275   -1.0938
   1281005215.260544     0.435    -4.476   -1.4706
   1281005216.120550     0.311    -4.911   -2.0465
   1281005216.750213     0.123    -5.111   -2.4987
   1281005217.400922    -0.153    -5.266   -2.6420
   1281005218.030165    -0.419    -5.446   -2.3354
   1281005219.100560    -0.381    -5.387   -2.1056
   1281005220.590477    -0.335    -5.300   -2.0394
   1281005221.660315    -0.396    -5.432   -1.9037
   1281005222.300477    -0.370    -5.503   -1.6891
   1281005222.730147    -0.369    -5.513   -1.3877
   1281005223.150900    -0.335    -5.532   -1.0888
   1281005223.580153    -0.226    -5.633   -0.7985
   1281005224.010508    -0.090    -5.753   -0.4873
   1281005224.440127    -0.030    -5.766   -0.2118
   1281005224.860136    -0.019    -5.761    0.1003
   1281005225.290213     0.154    -5.726    0.4070
   1281005225.720142     0.315    -5.633    0.7180
   1281005226.140201     0.468    -5.472    1.0244
   1281005226.570512     0.504    -5.287    1.3040
   1281005227.000305     0.542    -5.079    1.6142
   1281005227.420197     0.510    -4.851    1.9015
   1281005228.059970     0.392    -4.554    1.9413
   1281005228.700545     0.306    -4.254    1.6338
   1281005229.340809     0.394    -3.916    1.2123
   1281005229.980440     0.532    -3.620    1.0113
   1281005230.630129     0.760    -3.393    0.6530
   1281005231.260718     0.905    -3.243    0.6063
   1281005231.901185     1.005    -3.166    0.8580
   1281005232.330207     1.048    -3.103    1.1550
   1281005232.760445     1.106    -2.955    1.4679
   1281005233.180403     1.112    -2.719    1.7698
   1281005233.610173     0.991    -2.542    2.0603
   1281005234.040940     0.871    -2.359    2.2980
   1281005234.680916     0.666    -2.132    2.2588
   1281005235.320240     0.509    -1.854    1.9064
   1281005235.960557     0.495    -1.555    1.5219
   1281005236.600852     0.583    -1.242    1.0792
   1281005237.240633     0.764    -0.985    0.6376
   1281005237.880545     1.076    -0.859    0.1926
   1281005238.520808     1.430    -0.848    0.0117
   1281005239.160256     1.726    -0.831    0.1315
   1281005239.800223     2.049    -0.766    0.3154
   1281005240.440584     2.347    -0.650    0.3831
   1281005241.080595     2.651    -0.557    0.2010
   1281005241.720661     2.963    -0.508    0.0806
   1281005242.360711     3.266    -0.511   -0.0970
   1281005243.000931     3.610    -0.595   -0.1725
   1281005243.641122     3.941    -0.626   -0.1780
   1281005244.280802     4.244    -0.680   -0.1765
   1281005244.920207     4.553    -0.734   -0.1714
   1281005245.560499     4.874    -0.788   -0.1769
   1281005246.200230     5.216    -0.849   -0.1710
   1281005246.840661     5.522    -0.902   -0.1719
   1281005247.480542     5.837    -0.959   -0.1753
   1281005248.120539     6.147    -1.005   -0.1757
   1281005248.760542     6.454    -1.059   -0.1719
   1281005249.400813     6.770    -1.117   -0.1754
   1281005250.260486     7.219    -1.202   -0.2039
   1281005250.900570     7.517    -1.265   -0.2455
   1281005251.540295     7.858    -1.344   -0.2561
   1281005252.180548     8.261    -1.433   -0.0946
   1281005253.030205     8.574    -1.423    0.0949
   1281005253.670189     8.884    -1.365    0.1983
   1281005254.310162     9.196    -1.299    0.1946
   1281005254.950030     9.521    -1.258    0.1986
   1281005255.590134     9.834    -1.193    0.2042
   1281005256.230165    10.150    -1.125    0.2134
   1281005256.880580    10.461    -1.058    0.1848
   1281005257.510133    10.768    -1.022   -0.0017
   1281005258.150183    11.088    -1.098   -0.3470
   1281005258.790221    11.349    -1.251   -0.7871
   1281005259.430193    11.535    -1.509   -1.2282
   1281005260.069993    11.545    -1.815   -1.6532
   1281005260.710790    11.505    -2.144   -1.7009
   1281005261.360891    11.465    -2.454   -1.6926
   1281005261.990234    11.427    -2.777   -1.6858
   1281005262.641443    11.376    -3.102   -1.7878
   1281005263.280517    11.286    -3.411   -1.9278
   1281005263.910553    11.173    -3.700   -1.9488
   1281005264.550222    11.059    -3.995   -1.9215
   1281005265.190203    10.949    -4.340   -1.8723
   1281005265.830237    10.860    -4.651   -1.8345
   1281005266.480110    10.778    -4.966   -1.7640
   1281005267.120159    10.724    -5.289   -1.6985
   1281005267.750711    10.694    -5.606   -1.6169
   1281005268.391107    10.689    -5.928   -1.5515
   1281005269.040136    10.706    -6.247   -1.4677
   1281005269.680142    10.801    -6.542   -1.3081
   1281005270.530718    10.843    -6.665   -1.0223
   1281005270.960184    10.892    -6.724   -0.7196
   1281005271.600021    11.010    -6.780   -0.2745
   1281005272.020220    11.033    -6.785    0.0164
   1281005272.450576    10.997    -6.725    0.3013
   1281005272.880206    10.998    -6.725    0.5919
   1281005273.310546    11.002    -6.763    0.9004
   1281005273.730931    11.036    -6.658    1.2034
   1281005274.370710    11.132    -6.300    1.4209
   1281005275.010552    11.151    -5.991    1.5908
   1281005275.650726    11.145    -5.661    1.5743
   1281005276.290533    11.144    -5.339    1.5542
   1281005276.930415    11.152    -5.007    1.5362
   1281005277.570906    11.163    -4.689    1.5303
   1281005278.210695    11.170    -4.413    1.5106
   1281005278.850774    11.199    -4.047    1.5018
   1281005279.490502    11.222    -3.729    1.4795
   1281005280.130837    11.257    -3.406    1.4462
   1281005280.770209    11.294    -3.090    1.4947
   1281005281.410677    11.282    -2.773    1.7325
   1281005282.050552    11.191    -2.465    1.9583
   1281005282.700191    11.025    -2.174    2.2000
   1281005283.330529    10.810    -1.945    2.4154
   1281005283.970558    10.557    -1.724    2.3871
   1281005284.610694    10.324    -1.514    2.4024
   1281005285.250240    10.067    -1.340    2.6012
   1281005285.680196     9.893    -1.255    2.8383
   1281005286.320167     9.546    -1.170    2.9641
   1281005286.960150     9.220    -1.115    2.9932
   1281005287.820173     8.786    -1.056    3.0293
   1281005288.461287     8.466    -1.023    3.0853
   1281005289.100525     8.135    -1.084   -2.8982
   1281005289.520545     7.964    -1.165   -2.6400
   1281005289.950191     7.774    -1.272   -2.3730
   1281005290.380527     7.683    -1.447   -2.1443
   1281005291.020905     7.516    -1.722   -2.0289
   1281005291.660527     7.386    -2.004   -1.8807
   1281005292.300863     7.292    -2.310   -1.9167
   1281005292.940844     7.148    -2.596   -2.2699
   1281005293.580542     6.888    -2.803   -2.7128
   1281005294.220511     6.543    -2.876   -3.0225
   1281005294.860593     6.231    -2.920   -2.9930
   1281005295.500593     5.920    -2.907    3.1189
   1281005296.140589     5.599    -2.860    2.9571
   1281005296.780660     5.271    -2.884   -3.1339
   1281005297.420737     4.991    -2.916   -3.1072
   1281005298.060222     4.666    -2.923    3.1399
   1281005298.700162     4.339    -2.913    3.0976
   1281005299.340429     4.022    -2.889    3.0924
   1281005299.980179     3.664    -2.891   -2.9200
   1281005300.410519     3.506    -2.962   -2.6354
   1281005300.830733     3.471    -3.016   -2.3427
   1281005301.260152     3.393    -3.082   -2.0414
   1281005301.690409     3.378    -3.273   -1.7589
   1281005302.110499     3.352    -3.481   -1.4356
   1281005302.540556     3.409    -3.606   -1.1647
   1281005303.180202     3.531    -3.891   -1.2631
   1281005303.820199     3.573    -4.223   -1.6469
   1281005304.460199     3.525    -4.506   -1.7984
   1281005305.100203     3.446    -4.831   -1.8333
   1281005305.740402     3.343    -5.171   -1.8999
   1281005306.380196     3.164    -5.474   -1.9561
   1281005307.240548     3.132    -5.750   -1.7748
   1281005307.660240     3.128    -5.838   -1.5111
   1281005308.090733     3.158    -5.923   -1.2231
   1281005308.520154     3.222    -6.048   -0.9161
   1281005309.150440     3.495    -6.302   -0.7870
   1281005309.800480     3.714    -6.530   -0.7952
   1281005310.440170     3.917    -6.738   -0.8130
   1281005311.080185     4.099    -6.969   -1.1106
   1281005312.151052     4.120    -7.085   -0.8813
   1281005312.570916     4.192    -7.096   -0.6139
   1281005313.000566     4.301    -7.144   -0.3126
   1281005313.860445     4.698    -7.244   -0.2143
   1281005314.490192     5.018    -7.278    0.0506
   1281005315.130033     5.328    -7.218    0.2022
   1281005315.770197     5.590    -7.126   -0.1157
   1281005316.410193     5.920    -7.258   -0.3721
   1281005317.050208     6.171    -7.308   -0.3482
   1281005317.700563     6.532    -7.450   -0.2499
   1281005321.540553     6.597    -7.463   -0.0489
   1281005322.600200     6.858    -7.422    0.0218
   1281005323.460147     7.134    -7.394    0.3357
   1281005323.880176     7.308    -7.312    0.6335
   1281005324.310512     7.481    -7.157    0.9404
   1281005324.740179     7.590    -6.964    1.2323
   1281005325.380125     7.665    -6.678    1.3623
   1281005326.020132     7.731    -6.361    1.3623
   1281005326.650472     7.790    -6.054    1.3486
   1281005327.300172     7.868    -5.740    1.1378
   1281005327.940580     8.064    -5.478    0.7398
   1281005328.580155     8.337    -5.242    0.8333
   1281005329.000244     8.424    -5.072    1.0739
   1281005329.430221     8.485    -4.918    1.3685
   1281005330.070837     8.504    -4.629    1.6173
   1281005330.710559     8.412    -4.303    1.8534
   1281005331.350517     8.328    -3.981    1.7899
   1281005331.990138     8.315    -3.814    1.6844
   1281005333.060299     8.251    -3.647    1.8910
   1281005333.490103     8.160    -3.470    2.1897
   1281005333.910148     8.024    -3.306    2.4936
   1281005334.340155     7.843    -3.245    2.7839
   1281005334.770142     7.648    -3.203    3.0861
   1281005335.409964     7.314    -3.207   -3.1058
   1281005336.050178     6.982    -3.186    2.8486
   1281005336.690159     6.699    -3.006    2.5233
   1281005337.541091     6.576    -2.909    2.4720
   1281005337.970185     6.436    -2.811    2.6946
   1281005338.390196     6.261    -2.792    2.9873
   1281005338.820549     6.036    -2.787   -3.0061
   1281005339.460674     5.698    -2.818   -3.0555
   1281005340.100583     5.388    -2.812    3.0349
   1281005340.740215     5.072    -2.795   -3.0297
   1281005341.380294     4.729    -2.838   -2.9824
   1281005342.020193     4.436    -2.895    3.1392
   1281005342.660161     4.137    -2.923   -2.8905
   1281005343.090575     3.946    -2.982   -2.5853
   1281005343.731055     3.724    -3.155   -2.4720
   1281005344.370495     3.463    -3.368   -2.3714
   1281005344.790147     3.360    -3.544   -2.1103
   1281005345.220175     3.296    -3.693   -1.8759
   1281005346.500189     3.269    -3.829   -1.6802
   1281005347.780218     3.286    -3.701   -1.4089
   1281005348.210520     3.334    -3.837   -1.1380
   1281005349.280268     3.400    -4.193   -1.4958
   1281005349.920294     3.379    -4.503   -1.7366
   1281005350.560233     3.326    -4.818   -1.7476
   1281005351.200583     3.269    -5.136   -1.7687
   1281005351.840601     3.230    -5.446   -1.5440
   1281005352.480187     3.268    -5.777   -1.3775
   1281005353.120173     3.347    -6.093   -1.3155
   1281005353.760008     3.476    -6.392   -1.1826
   1281005354.180026     3.553    -6.572   -0.9442
   1281005354.611062     3.741    -6.741   -0.7344
   1281005355.040140     3.914    -6.871   -0.5229
   1281005355.470448     4.077    -6.908   -0.2898
   1281005356.100189     4.425    -6.954   -0.0316
   1281005356.740209     4.767    -6.966   -0.1227
   1281005357.390127     5.052    -7.035   -0.2922
   1281005358.030603     5.361    -7.112   -0.1284
   1281005358.670203     5.668    -7.154   -0.1737
   1281005359.309952     5.993    -7.216   -0.2116
   1281005359.950547     6.293    -7.285   -0.2119
   1281005360.590562     6.614    -7.324    0.0428
   1281005361.230572     6.944    -7.256    0.2230
   1281005361.650194     7.155    -7.187    0.5252
   1281005362.080283     7.310    -7.040    0.8247
   1281005362.510923     7.447    -6.892    1.1126
   1281005363.150592     7.559    -6.594    1.2368
   1281005363.790254     7.670    -6.292    1.1963
   1281005364.430660     7.785    -5.999    1.1511
   1281005365.070846     7.906    -5.663    1.3525
   1281005365.490666     7.914    -5.463    1.5717
   1281005366.140160     7.847    -5.175    1.6764
   1281005366.780176     7.816    -4.851    1.6702
   1281005367.410767     7.787    -4.531    1.5838
   1281005368.050733     7.885    -4.220    1.1848
   1281005368.690501     8.055    -3.956    0.7564
   1281005369.340206     8.335    -3.804    0.3211
   1281005371.470489     8.610    -3.772    0.1357
   1281005372.970156     8.703    -3.761    0.3958
   1281005373.390197     8.697    -3.752    0.6899
   1281005373.820441     8.678    -3.737    0.9887
   1281005374.250178     8.683    -3.713    1.2877
   1281005374.670576     8.677    -3.722    1.5856
   1281005375.100189     8.669    -3.730    1.8716
   1281005375.520406     8.595    -3.658    2.1895
   1281005375.950373     8.458    -3.514    2.4889
   1281005376.380321     8.264    -3.412    2.7813
   1281005377.020991     7.955    -3.341    2.9585
   1281005377.660229     7.725    -3.303    2.9061
   1281005378.510170     7.505    -3.211    2.4693
   1281005379.150237     7.341    -2.989    2.0810
   1281005379.790215     7.229    -2.669    1.6543
   1281005380.430255     7.201    -2.341    1.6765
   1281005381.080525     7.184    -2.033    1.5915
   1281005381.710287     7.168    -1.708    1.7085
   1281005382.140587     7.070    -1.501    1.9620
   1281005382.570199     6.958    -1.305    2.2690
   1281005383.000565     6.788    -1.180    2.5690
   1281005383.420581     6.597    -1.079    2.8740
   1281005383.849995     6.382    -1.083   -3.1228
   1281005384.280205     6.167    -1.115   -2.8644
   1281005384.920125     5.856    -1.196   -3.0450
   1281005385.550134     5.558    -1.120    2.8134
   1281005386.190523     5.293    -0.967    2.3808
   1281005386.840416     5.071    -0.751    2.3390
   1281005387.470721     4.825    -0.522    2.4043
   1281005388.120135     4.545    -0.349    2.6381
   1281005388.750669     4.257    -0.190    2.6561
   1281005389.400115     3.988    -0.096    2.8843
   1281005390.040138     3.632    -0.001    3.0139
   1281005390.670909     3.331     0.037    3.0046
   1281005391.320141     3.032     0.075    2.9932
   1281005391.950242     2.688     0.105    2.9751
   1281005392.600194     2.369     0.142    3.1151
   1281005393.240156     2.042     0.132   -3.0996
   1281005393.880181     1.694     0.133   -3.1054
   1281005394.520130     1.404     0.109   -3.1107
   1281005395.160052     1.061     0.117   -3.1128
   1281005395.800551     0.742     0.107   -3.0532
   1281005396.440695     0.422     0.058   -2.8935
   1281005397.080520     0.138    -0.059   -2.8175
   1281005397.720407    -0.167    -0.165   -2.8167
   1281005398.360430    -0.470    -0.262   -2.8245
   1281005399.000460    -0.782    -0.359   -2.8361
   1281005399.640983    -1.082    -0.451   -2.8473
   1281005400.280938    -1.390    -0.548   -2.8191
   1281005400.920827    -1.689    -0.657   -2.7095
   1281005401.560700    -1.969    -0.822   -2.4647
   1281005402.200861    -2.177    -1.072   -2.2137
   1281005402.841083    -2.353    -1.355   -1.9672
   1281005403.481013    -2.451    -1.671   -1.7132
   1281005404.120768    -2.463    -1.993   -1.4657
   1281005404.760161    -2.384    -2.315   -1.4472
   1281005406.470459    -2.370    -2.669   -1.4812
   1281005407.110449    -2.352    -2.977   -1.5516
   1281005407.750538    -2.363    -3.335   -1.6463
   1281005408.390490    -2.399    -3.654   -1.7435
   1281005409.030831    -2.460    -3.919   -1.7843
   1281005409.670775    -2.538    -4.276   -1.7969
   1281005410.310347    -2.598    -4.595   -1.7236
   1281005410.950482    -2.653    -4.917   -1.7086
   1281005411.590847    -2.700    -5.231   -1.7263
   1281005412.230440    -2.756    -5.502   -1.8805
   1281005412.870188    -2.881    -5.793   -2.0380
   1281005413.940187    -2.921    -5.908   -2.0019
   1281005415.430599    -2.889    -5.847   -1.7009
   1281005415.860965    -2.892    -5.835   -1.4001
   1281005416.290185    -2.895    -5.897   -1.1015
   1281005416.710194    -2.738    -6.088   -0.7787
   1281005417.140442    -2.627    -6.149   -0.5637
   1281005418.210623    -2.592    -6.188   -0.3262
   1281005419.480587    -2.303    -6.230   -0.1274
   1281005420.130523    -1.997    -6.263   -0.1288
   1281005420.760661    -1.682    -6.314   -0.2648
   1281005421.620184    -1.500    -6.361   -0.6554
   1281005423.750182    -1.495    -6.363   -0.6492
   1281005426.100387    -1.500    -6.370   -0.6492
   1281005427.600203    -1.487    -6.374   -0.5076
   1281005428.020199    -1.475    -6.386   -0.2336
   1281005428.450220    -1.461    -6.388    0.0750
   1281005428.880267    -1.449    -6.384    0.3664
   1281005429.301360    -1.439    -6.379    0.6573
   1281005429.730561    -1.433    -6.371    0.9453
   1281005430.150521    -1.428    -6.360    1.2384
   1281005430.580009    -1.432    -6.354    1.4570
   1281005432.500165    -1.426    -6.036    1.6435
   1281005433.360233    -1.429    -5.922    1.6832
   1281005434.640491    -1.472    -5.595    1.7116
   1281005435.281003    -1.550    -5.267    2.0326
   1281005435.700284    -1.672    -5.097    2.3119
   1281005438.260178    -1.855    -4.960    2.2639
   1281005438.900197    -2.018    -4.677    1.8220
   1281005439.540469    -2.042    -4.370    1.4939
   1281005440.400305    -2.056    -4.083    1.7848
   1281005441.040675    -2.152    -3.758    1.8718
   1281005441.680525    -2.233    -3.451    1.7487
   1281005442.320546    -2.277    -3.120    1.6255
   1281005442.960335    -2.276    -2.800    1.5311
   1281005443.600713    -2.273    -2.483    1.7050
   1281005444.240538    -2.358    -2.168    1.9010
   1281005444.880532    -2.464    -1.859    1.8941
   1281005445.520235    -2.567    -1.558    1.8954
   1281005446.160616    -2.667    -1.269    1.9040
   1281005446.800796    -2.756    -0.936    1.8953
   1281005447.440618    -2.877    -0.635    2.1107
   1281005447.870191    -3.064    -0.490    2.4022
   1281005448.510199    -3.332    -0.304    2.5639
   1281005449.150207    -3.538    -0.123    2.4488
   1281005449.790210    -3.794     0.075    2.6292
   1281005450.220567    -4.112     0.171    2.9075
   1281005451.071050    -4.395     0.253    2.7171
   1281005451.710750    -4.633     0.452    2.3727
   1281005452.350637    -4.866     0.682    2.2329
   1281005452.990878    -5.064     0.972    2.1137
   1281005453.630220    -5.210     1.254    1.8857
   1281005454.270864    -5.244     1.561    1.5786
   1281005454.910183    -5.166     1.859    1.3235
   1281005455.550171    -5.073     2.175    1.1803
   1281005456.190259    -4.949     2.463    1.0496
   1281005456.830548    -4.742     2.742    0.9498
   1281005457.470204    -4.551     3.001    0.8355
   1281005458.110187    -4.304     3.228    0.6676
   1281005458.750255    -4.032     3.351    0.2928
   1281005459.390196    -3.740     3.357   -0.0692
   1281005460.030647    -3.420     3.294   -0.3415
   1281005460.670052    -3.114     3.182   -0.3693
   1281005461.310206    -2.814     3.064   -0.3683
   1281005461.950208    -2.518     2.958   -0.2486
   1281005462.590494    -2.153     2.908   -0.0304
   1281005463.230186    -1.847     2.914    0.0423
   1281005463.870179    -1.575     3.000    0.0888
   1281005464.510173    -1.220     3.029    0.1121
   1281005465.160490    -0.902     3.045   -0.1216
   1281005465.790163    -0.610     2.916   -0.5465
   1281005466.430194    -0.362     2.701   -1.0013
   1281005467.070161    -0.285     2.376   -1.4321
   1281005467.720529    -0.311     2.074   -1.8742
   1281005468.350255    -0.442     1.781   -2.0864
   1281005468.990208    -0.628     1.491   -2.1085
   1281005469.630221    -0.767     1.218   -1.8772
   1281005470.060587    -0.748     1.016   -1.6188
   1281005470.490179    -0.756     0.802   -1.3654
   1281005470.920577    -0.658     0.611   -1.1145
   1281005471.340221    -0.544     0.415   -0.8531
   1281005471.770201    -0.382     0.271   -0.6025
   1281005472.200533    -0.163     0.177   -0.3467
   1281005472.620517     0.041     0.148   -0.0963
   1281005473.270261     0.358     0.138   -0.0275
   1281005473.900720     0.669     0.095   -0.2510
   1281005474.540133     0.940    -0.019   -0.3382
   1281005475.180176     1.238    -0.119   -0.3790
   1281005475.830823     1.587    -0.218   -0.3947
   1281005476.460474     1.875    -0.391   -0.3859
   1281005477.320836     2.274    -0.552   -0.3935
   1281005477.960532     2.566    -0.673   -0.3860
   1281005478.600223     2.891    -0.798   -0.3314
   1281005479.240538     3.212    -0.896   -0.2482
   1281005479.880437     3.522    -0.955   -0.1515
   1281005480.520205     3.798    -0.951   -0.0477
   1281005482.230170     3.869    -0.958   -0.0133
   1281005483.080251     4.176    -0.926    0.1787
   1281005483.721095     4.499    -0.865    0.1927
   1281005484.360854     4.817    -0.807    0.1872
   1281005485.000584     5.144    -0.755    0.1792
   1281005485.640831     5.457    -0.696    0.1744
   1281005486.280313     5.773    -0.637    0.1699
   1281005486.920889     6.086    -0.580    0.1594
   1281005487.560726     6.399    -0.534    0.1699
   1281005488.200543     6.721    -0.463    0.2927
   1281005488.840545     6.989    -0.315    0.5209
   1281005489.480737     7.247    -0.090    0.7507
   1281005489.909965     7.357     0.055    1.0071
   1281005490.340274     7.468     0.245    1.2616
   1281005490.760579     7.519     0.473    1.5670
   1281005491.190130     7.444     0.702    1.8556
   1281005491.620599     7.365     0.930    2.1611
   1281005492.040198     7.212     1.097    2.4294
   1281005492.680195     6.937     1.284    2.6353
   1281005493.320621     6.646     1.432    2.6867
   1281005493.960888     6.331     1.510    2.7442
   1281005494.390156     6.117     1.585    2.9795
   1281005494.820732     5.934     1.587   -3.0267
   1281005495.450436     5.597     1.552   -3.0551
   1281005496.101099     5.275     1.551    3.1343
   1281005496.740545     4.964     1.519   -2.9879
   1281005497.380477     4.676     1.497    3.0538
   1281005498.230168     4.484     1.528    2.8766
   1281005502.070170     4.358     1.567    2.7870
   1281005503.570184     4.119     1.651    2.8132
   1281005505.490656     3.917     1.790    2.4560
   1281005507.190746     3.905     1.827    2.1916
   1281005509.540154     3.788     2.084    1.8555
   1281005510.390803     3.764     2.338    1.5741
   1281005511.040107     3.745     2.648    1.6954
   1281005511.680205     3.730     2.925    1.7471
   1281005512.950726     3.645     3.211    1.8162
   1281005513.600202     3.604     3.427    1.9208
   1281005515.300365     3.557     3.522    1.7472
   1281005516.370200     3.572     3.368    1.5225
   1281005519.360229     3.653     3.371    0.1125
   1281005521.490525     3.797     3.149   -1.2613
   1281005522.140587     3.849     2.823   -1.5975
   1281005522.770187     3.820     2.522   -1.6924
   1281005523.410251     3.811     2.278   -1.4182
   1281005523.840855     3.913     2.083   -1.1099
   1281005524.270162     4.027     1.897   -0.8024
   1281005524.690207     4.210     1.801   -0.5088
   1281005525.121197     4.413     1.718   -0.2077
   1281005525.540719     4.567     1.705    0.1042
   1281005527.470210     4.601     1.715    0.0857
   1281005528.960569     4.705     1.720   -0.0094
   1281005530.670170     4.877     1.710   -0.1044
   1281005532.591073     5.219     1.668   -0.1256
   1281005533.230501     5.534     1.627   -0.1429
   1281005533.870210     5.848     1.579   -0.1634
   1281005534.510170     6.153     1.540    0.0153
   1281005534.940197     6.389     1.564    0.3155
   1281005535.360579     6.582     1.700    0.6079
   1281005535.790481     6.737     1.830    0.8687
   1281005536.430583     6.916     2.088    1.1406
   1281005537.070729     6.974     2.401    1.3021
   1281005537.711196     7.120     2.701    1.1413
   1281005538.351135     7.293     2.984    0.8788
   1281005538.990561     7.487     3.236    1.0557
   1281005539.410890     7.572     3.423    1.3080
   1281005539.850497     7.605     3.648    1.6049
   1281005540.270545     7.530     3.839    1.8962
   1281005540.700114     7.424     4.001    2.1915
   1281005541.120329     7.262     4.193    2.4947
   1281005541.550174     7.097     4.264    2.7683
   1281005542.190131     6.788     4.347    2.8374
   1281005543.900473     7.056     4.182    2.1976
   1281005545.390527     6.984     4.403    1.7294
   1281005546.680265     6.984     4.258    1.3706
   1281005547.530558     7.205     4.532    0.6697
   1281005548.170421     7.476     4.669    0.2405
   1281005548.810925     7.805     4.682   -0.2063
   1281005549.450545     8.112     4.603   -0.2055
   1281005549.880258     8.352     4.568    0.0341
   1281005550.300194     8.525     4.629    0.2482
   1281005553.500136     8.782     4.672    0.1595
   1281005555.640140     8.880     4.630   -0.9697
   1281005556.280525     8.932     4.325   -1.4077
   1281005556.920893     8.938     4.008   -1.8483
   1281005557.980557     8.905     3.918   -1.9655
   1281005558.840137     9.028     4.115   -2.1810
   1281005559.910216     8.785     4.016   -2.8502
   1281005560.551085     8.465     3.948   -2.9533
   1281005561.190561     8.159     3.890   -2.9931
   1281005561.820415     7.802     3.851   -2.9156
   1281005562.470400     7.500     3.743   -2.6942
   1281005562.890662     7.482     3.733   -2.4230
   1281005563.320122     7.458     3.681   -2.1047
   1281005563.740188     7.410     3.468   -1.9162
   1281005564.390745     7.304     3.153   -1.8441
   1281005565.030141     7.229     2.851   -1.7038
   1281005565.670144     7.224     2.539   -1.4276
   1281005566.090194     7.313     2.335   -1.2305
   1281005566.730201     7.452     2.032   -0.9826
   1281005567.370185     7.588     1.857   -0.8130
   1281005569.300250     7.787     1.658   -0.4987
   1281005569.720616     8.007     1.621   -0.1831
   1281005570.150605     8.210     1.606    0.0429
   1281005571.000535     8.489     1.605   -0.0016
   1281005572.280013     8.702     1.614    0.1438
   1281005575.060237     9.036     1.620   -0.2024
   1281005575.690181     9.351     1.555   -0.1259
   1281005576.130523     9.481     1.544    0.1246
   1281005576.551444     9.568     1.582    0.4134
   1281005576.980197     9.719     1.714    0.6603
   1281005577.620211     9.980     1.905    0.5229
   1281005578.260257    10.295     2.001    0.1125
   1281005578.900313    10.620     1.984   -0.3068
   1281005579.540211    10.897     1.795   -0.5948
   1281005580.180202    11.152     1.612   -0.5749
   1281005580.820599    11.449     1.482   -0.5974
   1281005581.460566    11.706     1.339   -0.3183
   1281005582.530320    11.639     1.323   -0.0545
   1281005582.950191    11.535     1.340    0.1508
   1281005583.801048    11.694     1.372    0.3684
   1281005584.870169    11.901     1.507    0.6944
   1281005585.300491    11.984     1.582    0.9903
   1281005585.730520    12.018     1.689    1.2739
   1281005587.010687    12.124     1.982    1.1514
   1281005588.290526    12.186     2.254    1.3354
   1281005588.710596    12.229     2.470    1.5831
   1281005589.140213    12.166     2.656    1.8449
   1281005590.421093    12.080     2.973    1.9325
   1281005591.060698    11.951     3.279    1.8994
   1281005592.130208    11.911     3.357    1.9129
   1281005592.550231    11.910     3.371    2.1174
   1281005592.980554    11.896     3.334    2.4179
   1281005593.410295    11.918     3.349    2.7101
   1281005593.830230    11.984     3.293    2.9928
   1281005594.260363    11.997     3.297   -2.9861
   1281005594.690169    12.022     3.331   -2.6808
   1281005595.330469    12.078     3.345   -2.2493
   1281005595.750823    12.097     3.322   -1.9453
   1281005596.180099    12.059     3.161   -1.6346
   1281005596.610685    12.110     2.912   -1.3550
   1281005597.040507    12.129     2.717   -1.1199
   1281005598.100125    12.204     2.681   -0.9587
   1281005599.170191    12.211     2.625   -0.7188
   1281005601.730860    12.272     2.601   -0.6661
   1281005605.150489    12.196     2.615   -1.1981
   1281005606.000698    12.227     2.378   -1.6494
   1281005606.640766    12.167     2.073   -1.9349
   1281005607.280252    12.004     1.816   -2.2899
   1281005608.130507    11.873     1.695   -2.5005
   1281005616.450495    11.599     1.559   -2.7794
   1281005617.730896    11.363     1.540   -3.0754
   1281005618.380115    11.042     1.575    2.8007
   1281005619.020540    10.749     1.687    2.8680
   1281005619.440207    10.530     1.728    3.1216
   1281005619.870501    10.296     1.673   -2.9004
   1281005620.510498     9.987     1.597   -2.9555
   1281005621.150495     9.707     1.532   -3.0492
   1281005621.790198     9.381     1.530    3.1291
   1281005622.430184     9.058     1.503   -2.9299
   1281005623.070169     8.703     1.461   -3.1146
   1281005623.710236     8.399     1.559    2.7967
   1281005624.350154     8.104     1.656    2.8863
   1281005624.990190     7.789     1.679    2.9694
   1281005625.630344     7.514     1.704    3.1401
   1281005627.340009     7.622     1.704   -2.9382
   1281005627.760462     7.473     1.645   -2.7458
   1281005628.190794     7.302     1.505   -2.4579
   1281005628.620184     7.141     1.354   -2.1591
   1281005629.040265     7.085     1.222   -1.8832
   1281005630.970396     7.070     1.178   -1.6005
   1281005631.390907     7.082     1.188   -1.3184
   1281005631.820224     7.157     1.066   -1.0549
   1281005632.460190     7.312     0.781   -1.0513
   1281005633.100189     7.464     0.503   -1.1227
   1281005633.740195     7.595     0.216   -1.1918
   1281005634.380157     7.698    -0.119   -1.3010
   1281005635.020234     7.750    -0.431   -1.7015
   1281005635.660151     7.636    -0.713   -2.1393
   1281005636.300198     7.372    -0.974   -2.5844
   1281005636.940530     7.058    -1.047   -3.0168
   1281005637.580432     6.732    -1.056    3.0877
   1281005638.220282     6.400    -1.087   -3.0538
   1281005638.870165     6.084    -1.074    3.0812
   1281005639.500277     5.770    -1.044    3.0850
   1281005640.140932     5.440    -1.037    3.1318
   1281005640.780729     5.136    -1.031    3.0931
   1281005641.420203     4.793    -1.006    3.0456
   1281005642.060537     4.502    -0.975    2.9715
   1281005642.710138     4.186    -0.911    2.9041
   1281005643.350286     3.857    -0.823    2.8323
   1281005643.980881     3.561    -0.728    2.8779
   1281005644.630819     3.237    -0.654    2.9754
   1281005645.270579     2.905    -0.606    3.0152
   1281005645.910628     2.584    -0.569    3.0424
   1281005646.551089     2.265    -0.543    3.0702
   1281005647.190582     1.947    -0.522    3.0664
   1281005647.830965     1.590    -0.486    3.0690
   1281005648.470574     1.271    -0.463    3.0526
   1281005649.100437     0.948    -0.437    3.0593
   1281005649.750172     0.629    -0.432   -3.0340
   1281005650.390177     0.319    -0.545   -2.7679
   1281005651.030648     0.075    -0.708   -2.4763
   1281005651.450145    -0.084    -0.851   -2.1917
   1281005651.880992    -0.141    -0.986   -1.9357
   1281005659.570143    -0.142    -0.995   -1.8396
